902890;1 089,00;PLN
903834;1 905,90;PLN
903931;35,80;PLN
904036;3 599,00;PLN
904076;538,00;PLN
904302;51,50;PLN
904315;22,80;PLN
904487;49,70;PLN
904515;256,90;PLN
904672;177,74;PLN
904940;193,90;PLN
905131;25,10;PLN
905138;1 519,05;PLN
905306;308,90;PLN
905308;1 899,00;PLN
905315;1 525,30;PLN
905531;71,10;PLN
905770;122,90;PLN
905855;63,00;PLN
905963;52,80;PLN
906693;73,70;PLN
903716;243,99;EUR
903864;15,10;EUR
904174;17,85;EUR
905220;33,60;EUR
905561;13,45;EUR
905793;144,90;EUR
905880;40,43;EUR
900909;224,00;CZK
906487;169,33;PLN
893282;1 169,27;PLN
906465;54,80;PLN
906696;20,59;PLN
906867;570,20;PLN
899706;1 143,00;CZK
903937;1 490,00;CZK
905882;186,23;PLN
906688;2 990,00;PLN
906966;201,20;PLN
888871;346,50;EUR
907474;194,00;PLN
905501;988,80;PLN
905523;255,40;PLN
905931;33,80;PLN
906331;30,70;PLN
906448;1 005,00;PLN
906619;32,40;PLN
906637;33,94;PLN
906638;149,25;PLN
907058;81,89;PLN
907246;385,70;PLN
904236;60,10;EUR
906208;11,60;EUR
906826;1 416,74;EUR
906827;3 668,40;EUR
880933;1 059,00;CZK
887294;114,50;PLN
902400;649,50;PLN
902481;15,20;PLN
903525;141,90;PLN
903531;143,80;PLN
906974;187,00;CZK
905374;1 660,29;PLN
905480;1 556,90;PLN
905923;1 556,89;PLN
906707;949,00;PLN
906710;26,50;PLN
906740;122,90;PLN
907035;674,10;PLN
907137;75,80;PLN
907160;91,60;PLN
907165;1 349,00;PLN
907167;65,50;PLN
907198;27,60;PLN
907224;126,78;PLN
907392;2 242,00;PLN
907491;87,30;PLN
907578;201,55;PLN
907759;21,80;PLN
907860;145,80;PLN
906754;90,89;EUR
906995;305,72;EUR
907065;74,13;EUR
907266;53,33;EUR
907271;53,33;EUR
907273;19,73;EUR
904262;285,00;CZK
904567;457,00;CZK
904574;1 876,00;CZK
904795;177,00;CZK
905507;296,00;CZK
905688;1 026,00;CZK
906973;633,00;CZK
907080;198,00;CZK
907433;1 472,00;CZK
907696;204,00;PLN
908058;689,00;CZK
893001;62,90;PLN
907887;57,90;PLN
908397;6,45;EUR
908399;13,45;EUR
889944;433,00;CZK
903973;25,10;PLN
904357;79,80;PLN
908489;168,00;PLN
902829;181,00;CZK
903150;618,00;CZK
903176;223,00;CZK
908324;9 179,00;CZK
908669;1 874,00;CZK
907307;46,29;PLN
907406;53,70;PLN
907479;154,70;PLN
907888;237,80;PLN
907899;63,80;PLN
907961;25,80;PLN
908235;1 758,00;PLN
908464;48,20;PLN
908567;74,80;PLN
908753;102,90;PLN
908754;102,90;PLN
908863;1 969,80;PLN
903899;204,00;CZK
907659;631,00;CZK
908726;29,00;EUR
909458;238,00;PLN
909272;182,90;PLN
909973;1 120,30;PLN
908437;571,00;CZK
910018;571,00;CZK
909992;85,60;PLN
910126;42,00;PLN
910147;140,60;EUR
898129;1 061,00;CZK
910173;421,80;PLN
907500;5 146,20;PLN
908335;89,89;PLN
908340;203,89;PLN
908492;229,98;PLN
908495;508,00;PLN
908523;1 990,15;PLN
908658;2 294,10;PLN
908737;276,91;PLN
908879;115,10;PLN
908882;111,79;PLN
908889;729,48;PLN
908941;154,50;PLN
908947;53,80;PLN
908992;212,90;PLN
909126;388,60;PLN
909199;29,80;PLN
909324;229,18;PLN
909820;92,90;PLN
910017;2 990,00;PLN
910024;2 990,00;PLN
910210;91,70;PLN
904568;476,39;EUR
907485;32,10;EUR
908186;105,00;EUR
908473;13,65;EUR
909057;22,70;EUR
910204;182,20;EUR
908512;1 109,00;CZK
908899;120,00;CZK
896463;163,90;PLN
910796;91,90;PLN
891126;348,57;EUR
891296;112,98;EUR
899930;256,30;PLN
904250;216,85;PLN
909386;13,90;PLN
893047;866,00;CZK
910589;197,00;CZK
910590;133,00;CZK
900599;141,10;PLN
905345;343,90;PLN
905745;41,80;PLN
905769;43,90;PLN
906819;85,30;PLN
906889;59,70;PLN
907394;53,70;PLN
907410;49,80;PLN
909613;128,89;PLN
903780;87,97;EUR
903919;43,15;EUR
904392;102,56;EUR
906385;9,95;EUR
906424;36,45;EUR
902625;1 114,00;CZK
903763;6 208,00;CZK
904136;276,00;CZK
904694;167,00;CZK
905653;713,00;CZK
908987;2 990,00;PLN
909195;279,70;PLN
909225;153,90;PLN
909303;5 295,00;PLN
909965;211,90;PLN
910765;28,80;PLN
910900;1 270,75;PLN
911096;49,70;PLN
911103;119,70;PLN
911233;559,00;PLN
911316;2 199,00;PLN
909268;12,80;EUR
909279;19,95;EUR
911263;79,10;PLN
911266;57,60;PLN
911444;17,31;PLN
910549;105,00;EUR
911568;58,95;EUR
886060;1 139,05;PLN
909723;228,50;PLN
909896;53,80;PLN
909911;89,70;PLN
909936;268,90;PLN
911573;558,40;PLN
911599;44,00;PLN
910968;7,95;EUR
911506;6,45;EUR
911762;30,86;EUR
911970;1 965,72;EUR
911857;12,99;PLN
891563;354,70;PLN
911993;64 858,00;CZK
907005;413,60;PLN
907230;328,69;PLN
907428;1 349,00;PLN
908079;24,60;PLN
905669;46,85;EUR
905517;2 258,00;CZK
905556;1 031,00;CZK
910394;80,40;PLN
910424;213,90;PLN
910434;391,90;PLN
911502;52,80;PLN
912391;1 054,80;PLN
912398;53,00;PLN
912440;272,80;PLN
907015;262,02;EUR
910451;18,85;EUR
911342;19,21;EUR
912024;1 607,65;EUR
909752;149,00;CZK
910135;1 041,00;CZK
910206;395,00;CZK
910460;198,00;CZK
910591;133,00;CZK
910801;443,00;CZK
910885;2 169,00;CZK
912016;34 267,00;CZK
912669;75,70;PLN
912694;182,90;PLN
899261;410,00;CZK
912347;6 550,00;CZK
912426;330,00;CZK
910321;1 349,00;PLN
911075;42,00;PLN
911291;54,80;PLN
911347;283,80;PLN
911379;31,90;PLN
911480;75,80;PLN
911896;42,50;PLN
912005;1 798,00;PLN
912006;31,79;PLN
912362;43,75;PLN
912794;29,70;PLN
912689;60,45;EUR
911560;184,00;CZK
911804;284,00;CZK
913420;92,80;PLN
912618;7 980,00;PLN
912902;22,80;PLN
912905;19,70;PLN
913038;1 265,00;PLN
913136;58,90;PLN
913172;31,60;PLN
913177;189,90;PLN
913178;189,90;PLN
913233;72,27;PLN
912607;2 112,85;EUR
912083;125,00;CZK
912296;167,00;CZK
912322;266,00;CZK
912351;327,00;CZK
912373;213,00;CZK
913181;349,00;CZK
913128;1 839,60;PLN
913728;112,90;PLN
912900;58,30;PLN
913281;19,80;PLN
913410;52,30;PLN
913791;13,86;PLN
912050;586,19;EUR
913052;5,81;EUR
912705;421,00;CZK
913159;170,00;CZK
913587;62 100,00;CZK
913926;434,00;CZK
913899;173,90;PLN
913943;77,80;PLN
913965;83,90;PLN
914032;42,20;PLN
914080;30,50;PLN
912707;24,45;EUR
913838;1 049,00;CZK
914074;560,00;CZK
908721;59,70;PLN
908883;18,90;PLN
908953;152,40;PLN
909000;83,30;PLN
909456;151,71;PLN
914268;194,30;PLN
908663;103,85;EUR
909323;9,95;EUR
908406;178,00;CZK
908713;715,00;CZK
912052;1 551,20;PLN
911686;49,35;EUR
912342;353,35;PLN
914384;298,90;PLN
914534;27,70;PLN
914540;27,70;PLN
898728;92,35;EUR
912774;81,57;EUR
913183;349,00;CZK
913185;349,00;CZK
913336;902,00;CZK
914334;2 180,00;PLN
911967;113,89;PLN
912193;147,80;PLN
912334;999,00;PLN
912459;508,00;PLN
912742;113,80;PLN
912878;632,00;PLN
912998;73,80;PLN
913023;260,20;PLN
913355;128,69;PLN
914589;431,90;PLN
914681;949,00;PLN
914781;150,30;PLN
914808;371,90;PLN
914824;127,60;PLN
915076;5 645,70;PLN
915078;5 645,70;PLN
911540;40,71;EUR
911561;109,24;EUR
912377;25,85;EUR
912582;109,24;EUR
912928;184,90;EUR
914632;27,85;EUR
914671;31,85;EUR
914903;312,00;CZK
914492;21,85;PLN
914924;39,70;PLN
915456;1 602,99;PLN
915096;56,21;EUR
915098;64,59;EUR
915178;104,70;PLN
910019;8 690,00;PLN
915488;56,80;PLN
915498;57,80;PLN
915526;57,80;PLN
910713;18,98;EUR
915569;146,00;CZK
914210;84,64;PLN
914436;53,80;PLN
914779;18,40;PLN
914883;39,70;PLN
914930;39,70;PLN
915183;94,90;PLN
915294;292,88;PLN
915296;180,70;PLN
915721;503,18;PLN
913681;81,57;EUR
913548;291,00;CZK
914046;187,00;CZK
914690;529,00;CZK
915900;737,00;CZK
908477;849,00;PLN
915752;3 690,00;PLN
915941;290,10;PLN
915955;91,90;PLN
915976;134,60;PLN
916070;8 388,00;PLN
916121;471,90;PLN
916093;21 741,00;CZK
916131;15,25;PLN
915807;132,90;PLN
915809;132,90;PLN
914833;1 398,00;CZK
915271;1 824,00;CZK
915289;161,00;CZK
916286;210,90;PLN
916714;166,50;PLN
916640;151,00;CZK
916165;34,90;PLN
908760;999,00;PLN
909953;369,80;PLN
910710;54,70;PLN
911160;599,80;PLN
911372;40,70;PLN
911787;73,80;PLN
911795;30,40;PLN
912117;33,90;PLN
912194;29,80;PLN
915864;2 990,00;PLN
910596;62,87;EUR
911652;19,85;EUR
911697;10,95;EUR
912496;16,55;EUR
909640;845,00;CZK
910743;172,00;CZK
911265;719,00;CZK
911478;271,00;CZK
914569;629,30;PLN
914618;184,00;PLN
914978;949,00;PLN
915234;94,30;PLN
915529;108,88;PLN
915536;162,90;PLN
915568;101,70;PLN
916277;61,80;PLN
916325;89,80;PLN
916688;297,80;PLN
916749;2 199,00;PLN
917063;1 147,00;PLN
915145;245,32;EUR
915590;182,00;CZK
915813;291,00;CZK
916069;721,00;CZK
916279;721,00;CZK
916712;923,00;CZK
916826;33,80;PLN
917282;98,80;PLN
917341;98,80;PLN
917483;126,70;PLN
917488;94,80;PLN
917616;277,80;PLN
917619;277,80;PLN
917620;277,80;PLN
917621;277,80;PLN
917716;35,50;PLN
915170;122,54;EUR
909753;1 988,00;CZK
698669;73 800,00;PLN
733085;34 320,00;PLN
917905;48,80;PLN
915342;547,00;PLN
916010;99,90;PLN
916183;27,30;PLN
916278;61,80;PLN
917143;256,90;PLN
917617;159,70;PLN
917757;98,80;PLN
917782;21,30;PLN
917886;89,70;PLN
917136;29,85;EUR
917837;73,92;EUR
891046;2 182,30;PLN
918024;1 349,00;PLN
918037;120,80;PLN
917150;33,80;PLN
917235;94,80;PLN
918195;23,20;PLN
918265;518,00;PLN
918267;518,00;PLN
918295;308,70;PLN
916623;40,71;EUR
918081;5,45;EUR
881172;440,20;PLN
901382;272,90;PLN
911990;1 099,00;PLN
912625;393,10;PLN
912748;256,90;PLN
913862;137,09;PLN
918566;88 999,00;PLN
911010;908,00;CZK
911135;1 374,00;CZK
911771;586,00;CZK
913093;145,00;CZK
914015;260,00;CZK
914042;135,00;CZK
914411;151,00;CZK
894268;0,35;PLN
907471;64,70;PLN
915636;308,70;PLN
915666;334,90;PLN
915810;132,90;PLN
916326;89,80;PLN
917084;43,80;PLN
918062;82,80;PLN
918424;210,91;PLN
918562;488,90;PLN
918463;61,88;EUR
918573;5,14;EUR
918631;536,60;EUR
918675;33,28;EUR
907550;2 310,00;CZK
913198;1 389,00;CZK
916508;218,00;CZK
916610;1 358,00;CZK
916895;222,00;CZK
917043;372,00;CZK
917365;1 099,00;CZK
917976;25 588,00;CZK
908172;613,00;PLN
918505;45,80;PLN
918576;0,35;PLN
918715;93,80;PLN
918786;64,95;EUR
918793;124,49;EUR
918795;65,68;EUR
918814;65,68;EUR
918818;84,31;EUR
918822;186,99;EUR
918862;65,68;EUR
918868;65,68;EUR
918873;65,68;EUR
918877;65,68;EUR
918878;65,68;EUR
918884;84,31;EUR
918885;65,68;EUR
918894;48,15;EUR
918902;124,49;EUR
918907;63,67;EUR
918918;65,68;EUR
918925;124,49;EUR
918930;65,68;EUR
918933;65,68;EUR
918954;65,68;EUR
918960;163,21;EUR
918968;63,67;EUR
918982;65,68;EUR
918998;216,28;EUR
919000;161,65;EUR
919004;63,67;EUR
919051;332,99;EUR
919260;254,50;PLN
919324;0,35;PLN
917930;268,80;PLN
917961;78,75;PLN
919218;45,00;PLN
918034;6,45;EUR
919684;22,99;PLN
919723;199,47;PLN
918679;29,80;PLN
918753;928,00;PLN
919135;26,50;PLN
919136;26,50;PLN
919149;32,80;PLN
919362;33,70;PLN
919676;54,70;PLN
919682;518,00;PLN
919687;518,00;PLN
919692;518,00;PLN
916198;12,70;EUR
918745;910,00;PLN
919804;185,07;EUR
919433;505,80;PLN
919855;789,40;PLN
916601;110,70;EUR
918700;54,30;EUR
908795;30,80;PLN
915667;15 701,15;PLN
916126;288,98;PLN
916182;2 999,00;PLN
916768;1 099,00;PLN
917122;114,80;PLN
917710;263,70;PLN
917993;56,40;PLN
918025;81,83;PLN
918035;138,90;PLN
918121;208,90;PLN
918431;33,10;PLN
918438;210,91;PLN
918519;45,80;PLN
918545;121,60;PLN
918578;53,90;PLN
918647;28,69;PLN
918651;40,47;PLN
918718;93,80;PLN
918720;119,60;PLN
918769;169,40;PLN
919138;177,88;PLN
919143;119,60;PLN
919257;150,80;PLN
919432;100,50;PLN
920006;72,80;PLN
915626;1 341,18;EUR
918084;7,45;EUR
918137;22,35;EUR
918318;11,38;EUR
918457;17,85;EUR
918309;134,00;CZK
919049;1 284,00;CZK
920185;645,20;PLN
920194;632,30;PLN
920409;90,30;PLN
920398;56,95;EUR
920524;40,57;EUR
915523;743,00;CZK
920959;974,00;CZK
901741;16 643,95;PLN
918532;210,91;PLN
919209;38,11;PLN
919536;160,80;PLN
919880;109,80;PLN
920130;39,18;PLN
920255;33,70;PLN
920282;136,80;PLN
920289;32,70;PLN
920431;22,60;PLN
920783;74,10;PLN
920885;1 889,00;PLN
920903;248,70;PLN
920960;474,80;PLN
920978;2 449,90;PLN
921029;313,90;PLN
921054;663,40;PLN
918768;84,28;EUR
919046;332,99;EUR
920372;38,60;EUR
920490;103,35;EUR
919156;237,00;CZK
920435;533,00;CZK
920753;1 863,00;CZK
878078;2 098,99;PLN
889156;28,30;PLN
905391;2 990,00;PLN
907501;12 044,74;PLN
915431;73,50;PLN
915544;1 546,20;PLN
915732;522,50;PLN
916138;1 761,20;PLN
916451;44,15;PLN
916520;48,80;PLN
916611;375,00;PLN
916988;1 129,00;PLN
918239;89,80;PLN
918547;204,80;PLN
918767;990,00;PLN
919445;72,00;PLN
919493;197,35;PLN
919531;17,40;PLN
919546;94,80;PLN
919552;94,80;PLN
919780;26,80;PLN
919790;132,90;PLN
920676;2 498,00;PLN
920896;248,70;PLN
920938;132,90;PLN
920940;2 449,90;PLN
921020;4 569,55;PLN
921232;0,35;PLN
921514;897,90;PLN
921524;74,80;PLN
921566;25,70;PLN
921701;0,35;PLN
922725;84,80;PLN
923537;47,80;PLN
923988;61,80;PLN
924034;46,70;PLN
924069;526,10;PLN
924268;523,80;PLN
924777;1 996,20;PLN
924822;49,80;PLN
924899;1 496,90;PLN
924993;62,90;PLN
925158;29,40;PLN
925163;283,80;PLN
925330;695,99;PLN
925342;40,00;PLN
925688;94,80;PLN
925733;4 889,53;PLN
925788;19,17;PLN
925811;95,69;PLN
925823;95,69;PLN
925974;126,78;PLN
926081;837,00;PLN
926244;172,90;PLN
926318;143,80;PLN
926829;230,30;PLN
926956;140,70;PLN
927274;779,00;PLN
927426;274,79;PLN
927795;1 099,00;PLN
928083;923,90;PLN
928091;923,90;PLN
928648;89,89;PLN
928682;575,00;PLN
928691;2 999,00;PLN
928788;197,90;PLN
928941;2 494,08;PLN
928954;145,80;PLN
929092;489,90;PLN
929234;408,90;PLN
929449;35,40;PLN
929487;5 390,00;PLN
929874;2 027,00;PLN
930366;134,80;PLN
930367;93,80;PLN
930400;470,80;PLN
930428;30,90;PLN
930458;172,90;PLN
931002;33,80;PLN
931014;36,90;PLN
931264;29,70;PLN
931429;1 370,00;PLN
931526;36,80;PLN
931728;0,35;PLN
931730;0,35;PLN
931957;18,10;PLN
932016;91,63;PLN
932080;987,00;PLN
932288;32,80;PLN
932512;256,90;PLN
932602;1 769,00;PLN
932965;213,90;PLN
933112;128,48;PLN
933136;17,24;PLN
933322;1 380,90;PLN
933384;89,70;PLN
933441;68,90;PLN
933629;8 690,00;PLN
933667;71,90;PLN
934572;254,19;PLN
934579;119,90;PLN
935082;4 795,00;PLN
935142;283,80;PLN
935250;113,90;PLN
935262;1 349,00;PLN
935350;44,10;PLN
935370;14,00;PLN
935449;392,90;PLN
935484;1 282,20;PLN
935610;68,90;PLN
935671;152,60;PLN
935680;336,55;PLN
935732;135,60;PLN
936083;16,05;PLN
936085;23,91;PLN
936090;24,63;PLN
936091;23,91;PLN
936178;56,80;PLN
936254;181,10;PLN
936303;202,90;PLN
936369;230,30;PLN
936417;80,70;PLN
936467;1 890,00;PLN
936578;387,90;PLN
936605;222,48;PLN
936652;94,70;PLN
936729;628,50;PLN
936783;117,40;PLN
936789;182,80;PLN
936900;71,81;PLN
936909;69,00;PLN
936935;482,90;PLN
937030;152,90;PLN
937104;45,80;PLN
937111;15,70;PLN
937191;23,80;PLN
937201;1 349,00;PLN
937273;198,90;PLN
937274;169,00;PLN
937332;959,00;PLN
937391;23,92;PLN
937409;142,90;PLN
937531;271,00;PLN
937588;328,90;PLN
937676;387,40;PLN
937687;387,40;PLN
937688;118,90;PLN
937718;108,20;PLN
937794;22,80;PLN
937800;151,60;PLN
937812;132,90;PLN
937840;29,80;PLN
937852;4 552,57;PLN
938089;64,70;PLN
938238;388,84;PLN
938452;23,80;PLN
938502;75,80;PLN
938520;263,90;PLN
939954;4 725,00;PLN
940006;215,70;PLN
940136;909,24;PLN
940289;94,90;PLN
940444;37,80;PLN
940727;4 562,47;PLN
940883;25,60;PLN
940944;15,89;PLN
941008;4 060,00;PLN
941171;215,90;PLN
941316;450,90;PLN
941442;457,90;PLN
941513;28,80;PLN
941549;28,80;PLN
941806;52,30;PLN
942077;55,80;PLN
942201;16 029,99;PLN
942400;152,90;PLN
942462;77,20;PLN
942585;36,40;PLN
942847;360,80;PLN
943022;19,80;PLN
943270;560,40;PLN
943503;53,55;PLN
943508;256,80;PLN
943686;90,55;PLN
944301;619,00;PLN
944385;302,90;PLN
944768;57,30;PLN
945033;39,30;PLN
945185;276,90;PLN
945308;27,80;PLN
945403;432,80;PLN
945406;408,90;PLN
945541;58,50;PLN
945782;449,45;PLN
945886;4 795,00;PLN
945997;326,80;PLN
946016;149,80;PLN
946470;25,70;PLN
946474;11,40;PLN
946609;240,80;PLN
946643;254,95;PLN
946772;69,80;PLN
947142;49,70;PLN
947598;46,00;PLN
947885;84,89;PLN
948200;68,30;PLN
948279;78,90;PLN
948622;550,40;PLN
948894;9,99;PLN
949013;39,70;PLN
949141;38,90;PLN
949160;89,80;PLN
949243;19,25;PLN
949285;18,99;PLN
949293;229,90;PLN
949422;18,99;PLN
949500;31,80;PLN
949548;190,91;PLN
949734;78,90;PLN
949946;105,20;PLN
950330;37,80;PLN
950465;58,30;PLN
950707;152,90;PLN
950827;29,60;PLN
951186;47,90;PLN
952226;74,60;PLN
952372;162,20;PLN
952734;1 329,80;PLN
954518;55,00;PLN
955003;7 525,00;PLN
956224;213,90;PLN
957093;467,20;PLN
781052;0,00;PLN
781087;0,00;PLN
781162;0,00;PLN
781442;0,00;PLN
781444;0,00;PLN
781446;0,00;PLN
785912;432,11;PLN
914302;16,65;EUR
918590;38,84;EUR
918619;33,28;EUR
919404;15,56;EUR
920297;283,50;EUR
921675;5,20;EUR
921689;5,20;EUR
921697;5,20;EUR
923005;283,20;EUR
923262;24,45;EUR
923461;279,00;EUR
923623;13,95;EUR
923671;19,85;EUR
924030;84,35;EUR
925336;179,00;EUR
925600;44,85;EUR
926388;167,80;EUR
926490;32,45;EUR
927142;8,75;EUR
928393;132,30;EUR
928806;21,45;EUR
929094;31,95;EUR
930104;167,90;EUR
930240;62,45;EUR
930480;50,97;EUR
930703;103,85;EUR
933286;318,00;EUR
934254;16,75;EUR
934374;18,85;EUR
935246;46,85;EUR
936018;39,50;EUR
937324;48,10;EUR
937341;63,74;EUR
937413;17,44;EUR
937440;20,85;EUR
937715;30,45;EUR
938119;44,97;EUR
938607;24,95;EUR
942247;30,55;EUR
943312;18,41;EUR
943668;101,22;EUR
944073;5,85;EUR
947039;142,00;EUR
948008;9,95;EUR
949028;50,95;EUR
954607;26,29;EUR
893866;2 821,26;CZK
914318;889,00;CZK
916457;253,00;CZK
916565;569,00;CZK
917424;523,00;CZK
917561;203,00;CZK
917705;233,00;CZK
918273;172,00;CZK
920706;959,00;CZK
922222;1 879,00;CZK
922469;182,00;CZK
922593;1 118,00;CZK
922711;461,00;CZK
922808;187,00;CZK
925028;217,00;CZK
925061;1 004,00;CZK
925678;161,00;CZK
925701;8 696,00;CZK
925777;223,00;CZK
926976;7 084,00;CZK
927212;193,00;CZK
928170;301,00;CZK
928566;166,00;CZK
928857;374,00;CZK
929184;789,00;CZK
929266;1 156,00;CZK
929852;295,00;CZK
929950;461,00;CZK
930673;249,00;CZK
931156;378,00;CZK
931463;1 776,00;CZK
931553;5 985,00;CZK
931986;716,00;CZK
933994;1 366,00;CZK
934914;840,00;CZK
935241;988,00;CZK
935352;39,00;CZK
935743;560,00;CZK
935865;684,00;CZK
936066;586,00;CZK
936099;221,00;CZK
937022;395,00;CZK
937254;2 987,00;CZK
938599;767,00;CZK
939803;130,00;CZK
940258;259,00;CZK
940602;193,00;CZK
940962;307,00;CZK
941891;120,00;CZK
942030;182,00;CZK
942251;493,00;CZK
943194;151,00;CZK
943296;793,00;CZK
943421;149,00;CZK
943855;3 384,00;CZK
945931;1 070,00;CZK
947302;2 791,00;CZK
948336;5 694,00;CZK
949191;189,00;CZK
949361;243,00;CZK
949789;110,00;CZK
952210;1 263,00;CZK
952854;403,00;CZK
953458;841,00;CZK
953584;316,00;CZK
953639;973,00;CZK
954108;315,00;CZK
954610;14 016,00;CZK
954992;404,00;CZK
955109;197,00;CZK
956206;197,00;CZK
956219;912,00;CZK
956517;159,00;CZK
860758;172,10;PLN
873225;261,90;PLN
881976;56,70;PLN
894259;168,90;PLN
894261;168,90;PLN
894262;191,81;PLN
894263;412,90;PLN
894264;747,00;PLN
894265;142,90;PLN
894267;412,90;PLN
894270;412,90;PLN
906271;92,40;PLN
907039;1 111,45;PLN
915613;54,80;PLN
915614;4 747,30;PLN
916014;32,80;PLN
916994;243,80;PLN
917295;879,00;PLN
917857;25 051,50;PLN
918543;126,10;PLN
918582;2 990,00;PLN
918755;928,00;PLN
919145;1 300,99;PLN
919420;125,70;PLN
919532;17,80;PLN
919857;188,90;PLN
919989;2 090,00;PLN
920103;699,00;PLN
920143;225,69;PLN
920156;142,90;PLN
920331;128,90;PLN
920364;122,70;PLN
920417;37,50;PLN
920427;262,90;PLN
920477;119,00;PLN
920531;197,90;PLN
920679;408,90;PLN
921183;1 349,00;PLN
921184;31,80;PLN
921363;1 763,80;PLN
921388;21,30;PLN
921598;154,39;PLN
921648;18,80;PLN
921712;76,25;PLN
921772;26,60;PLN
921789;75,75;PLN
921822;31,94;PLN
921848;505,75;PLN
921903;890,00;PLN
921923;1 550,00;PLN
921929;213,90;PLN
922035;30,65;PLN
922089;79,80;PLN
922099;55,80;PLN
922122;1 550,00;PLN
922124;311,89;PLN
922229;142,90;PLN
922252;44,20;PLN
922331;713,79;PLN
922335;385,36;PLN
922415;120,70;PLN
922661;23,80;PLN
922689;32,40;PLN
922713;99,80;PLN
922879;34,80;PLN
922916;45,99;PLN
922955;25,00;PLN
923098;38,40;PLN
923125;1 945,14;PLN
923184;43,80;PLN
923228;1 299,00;PLN
923528;293,79;PLN
923535;293,79;PLN
923540;568,70;PLN
923697;284,80;PLN
923932;38,90;PLN
924062;64,10;PLN
924063;64,80;PLN
924182;48,90;PLN
924398;2 049,00;PLN
924411;2 049,00;PLN
924435;30,80;PLN
924494;107,85;PLN
924515;1 116,89;PLN
924521;1 116,89;PLN
924536;52,00;PLN
924589;70,60;PLN
924668;231,90;PLN
924956;43,80;PLN
925045;476,20;PLN
925078;116,60;PLN
925138;27,60;PLN
925145;183,90;PLN
925378;26,80;PLN
925380;50,70;PLN
925483;114,89;PLN
925519;118,70;PLN
925640;5 546,55;PLN
925672;98,80;PLN
925754;260,80;PLN
925774;28,60;PLN
925783;91,60;PLN
925793;76,30;PLN
925888;407,89;PLN
925948;48,80;PLN
926012;242,95;PLN
926049;101,80;PLN
926106;143,90;PLN
926115;21,80;PLN
926255;32,79;PLN
926307;52,90;PLN
926312;316,20;PLN
926359;123,79;PLN
926375;69,55;PLN
926544;238,60;PLN
926557;113,70;PLN
926577;63,90;PLN
926715;1 899,00;PLN
926737;39,70;PLN
926772;163,90;PLN
926832;841,00;PLN
926904;102,80;PLN
926933;98,80;PLN
926968;53,10;PLN
927119;675,80;PLN
927120;36,40;PLN
927204;209,79;PLN
927211;1 388,00;PLN
927366;221,80;PLN
927370;221,80;PLN
927373;1 675,90;PLN
927412;45,80;PLN
927413;275,25;PLN
927448;19,40;PLN
927506;46,30;PLN
927555;1 349,00;PLN
927585;132,90;PLN
927590;132,90;PLN
927703;38,90;PLN
927714;44,80;PLN
927724;25,80;PLN
911477;231,00;EUR
919534;5,58;EUR
919755;7,53;EUR
919849;10,80;EUR
920212;298,00;EUR
920220;298,00;EUR
921089;30,65;EUR
921336;67,35;EUR
921535;11,80;EUR
921841;49,38;EUR
921881;33,99;EUR
922004;33,60;EUR
922071;6,60;EUR
922293;52,88;EUR
922783;16,85;EUR
922868;14,64;EUR
923087;294,00;EUR
923088;25,85;EUR
923462;32,57;EUR
923682;32,85;EUR
923876;25,85;EUR
924408;178,83;EUR
924893;1 338,55;EUR
925766;31,95;EUR
926324;840,00;EUR
926548;48,10;EUR
926608;12,76;EUR
926730;404,10;EUR
926788;236,61;EUR
926919;30,95;EUR
927207;9,60;EUR
927383;187,20;EUR
927549;43,77;EUR
927586;32,40;EUR
891011;939,00;CZK
905521;817,00;CZK
915563;709,00;CZK
916003;1 641,00;CZK
917019;2 545,00;CZK
917050;471,00;CZK
919533;104,00;CZK
919562;169,00;CZK
919587;242,00;CZK
919886;2 135,00;CZK
920444;379,00;CZK
920680;850,00;CZK
920961;203,00;CZK
920987;195,00;CZK
921153;1 369,00;CZK
921236;177,00;CZK
921247;471,00;CZK
921386;695,00;CZK
921695;252,00;CZK
922053;840,00;CZK
922356;261,00;CZK
922496;817,00;CZK
922633;1 589,00;CZK
923136;503,00;CZK
923153;250,00;CZK
923273;304,00;CZK
923342;600,00;CZK
923353;283,00;CZK
923615;466,00;CZK
923693;493,00;CZK
923873;1 109,00;CZK
923912;985,00;CZK
924446;1 149,00;CZK
924525;146,00;CZK
924565;272,00;CZK
924568;307,00;CZK
924590;441,00;CZK
924918;276,00;CZK
925215;3 619,00;CZK
925263;981,00;CZK
926045;368,00;CZK
926441;197,00;CZK
926478;280,00;CZK
926537;454,00;CZK
926545;1 322,00;CZK
926861;437,00;CZK
926908;264,00;CZK
927085;161,00;CZK
927098;669,00;CZK
927099;669,00;CZK
927102;699,00;CZK
927272;2 325,00;CZK
927341;721,00;CZK
927438;315,00;CZK
927701;6 679,00;CZK
927730;139,40;PLN
927873;97,95;PLN
927876;281,90;PLN
927923;213,90;PLN
927986;260,91;PLN
928068;220,90;PLN
928133;2 294,10;PLN
928157;102,90;PLN
928502;153,90;PLN
928535;265,62;PLN
928556;521,53;PLN
928567;108,80;PLN
928675;28,49;PLN
928677;28,49;PLN
928689;2 999,00;PLN
928721;83,10;PLN
928814;140,80;PLN
928839;71,85;PLN
928910;2 573,00;PLN
928916;39,80;PLN
928917;39,80;PLN
929009;4 299,00;PLN
929013;949,00;PLN
929095;459,90;PLN
929111;40,90;PLN
929257;42,90;PLN
929303;98,00;PLN
929311;98,00;PLN
929347;685,64;PLN
929384;537,00;PLN
929486;3 319,88;PLN
929489;3 489,95;PLN
929571;102,80;PLN
929587;683,00;PLN
929594;35,30;PLN
929643;59,92;PLN
929692;912,50;PLN
929695;639,20;PLN
929799;52,00;PLN
929837;68,90;PLN
929843;81,75;PLN
929881;345,70;PLN
930040;98,80;PLN
930235;1 349,00;PLN
930254;93,89;PLN
930287;6 999,00;PLN
930365;249,80;PLN
930375;108,90;PLN
930377;108,90;PLN
930383;168,90;PLN
930384;1 349,00;PLN
930419;108,90;PLN
930421;108,90;PLN
930423;108,90;PLN
930437;141,80;PLN
930440;117,70;PLN
930443;117,70;PLN
930454;122,90;PLN
930632;140,91;PLN
930640;43,49;PLN
930653;101,80;PLN
930715;480,46;PLN
930813;537,29;PLN
930913;1 304,00;PLN
930920;133,90;PLN
930947;571,90;PLN
930990;328,10;PLN
930996;41,20;PLN
931039;214,88;PLN
931049;301,90;PLN
931181;7 148,90;PLN
931196;7 148,90;PLN
931227;7 148,90;PLN
931233;7 148,90;PLN
931303;22 975,40;PLN
931307;30,80;PLN
931347;39,80;PLN
931599;642,05;PLN
931650;223,80;PLN
931655;30,40;PLN
931753;24,80;PLN
931786;1 228,90;PLN
931881;109,80;PLN
931914;202,90;PLN
931948;68,70;PLN
931951;719,00;PLN
931992;122,40;PLN
931996;274,80;PLN
932037;47,00;PLN
932039;76,40;PLN
932062;40,70;PLN
932134;18,80;PLN
932154;307,80;PLN
932155;448,35;PLN
932255;114,89;PLN
932257;140,91;PLN
932454;58,80;PLN
932519;232,05;PLN
932573;141,20;PLN
932631;95,70;PLN
932633;108,75;PLN
932635;95,70;PLN
932753;214,20;PLN
932805;1 349,00;PLN
932810;143,90;PLN
932877;198,90;PLN
932891;24,89;PLN
932914;6 506,80;PLN
932969;76,90;PLN
932993;1 359,70;PLN
933048;63,80;PLN
933134;163,90;PLN
933234;409,10;PLN
933242;1 349,00;PLN
933249;1 349,00;PLN
933259;1 349,00;PLN
933305;1 380,90;PLN
933319;1 380,90;PLN
933356;1 349,00;PLN
933419;20 997,00;PLN
933421;1 363,50;PLN
933459;15,89;PLN
933461;1 099,00;PLN
933471;200,80;PLN
933481;24,80;PLN
933495;20,90;PLN
933496;132,30;PLN
933517;1 349,00;PLN
933520;63,20;PLN
933526;967,50;PLN
933569;83,70;PLN
933605;221,78;PLN
933613;75,40;PLN
933644;144,80;PLN
933694;94,80;PLN
933841;3 799,00;PLN
933895;117,70;PLN
933977;4 299,00;PLN
934009;29,80;PLN
934093;258,35;PLN
934116;30,80;PLN
934122;42,35;PLN
934156;119,06;PLN
934311;198,90;PLN
934394;1 349,00;PLN
934609;158,89;PLN
934614;38,50;PLN
934679;1 349,00;PLN
934723;1 144,80;PLN
934738;1 144,80;PLN
934747;39,80;PLN
934763;1 144,80;PLN
934780;183,70;PLN
934927;172,40;PLN
934945;65,80;PLN
934956;25,80;PLN
935049;33,40;PLN
935051;42,90;PLN
935056;579,00;PLN
935075;60,50;PLN
935095;86,38;PLN
935096;3 637,00;PLN
935128;2 649,00;PLN
935140;73,70;PLN
935141;2 649,00;PLN
935251;960,30;PLN
935261;1 349,00;PLN
935267;121,50;PLN
935491;119,06;PLN
935506;1 599,00;PLN
935749;3 089,99;PLN
935774;108,90;PLN
935834;193,80;PLN
935977;0,35;PLN
935980;25,02;PLN
936012;160,14;PLN
936019;0,35;PLN
936027;162,04;PLN
936057;32,71;PLN
936060;478,90;PLN
936095;3 490,00;PLN
936115;109,88;PLN
936308;1 134,00;PLN
936309;20,00;PLN
936328;232,40;PLN
936331;1 442,39;PLN
936337;756,00;PLN
936341;206,80;PLN
936355;274,72;PLN
936360;68,40;PLN
936366;77,10;PLN
936368;18,10;PLN
936377;374,30;PLN
936393;202,90;PLN
936409;202,90;PLN
936437;186,30;PLN
936458;55,70;PLN
936496;198,90;PLN
936516;198,90;PLN
936519;229,20;PLN
936521;208,70;PLN
936524;198,90;PLN
936528;198,90;PLN
936528;198,90;PLN
936587;249,70;PLN
936681;1 771,90;PLN
936685;1 771,90;PLN
936697;379,90;PLN
936705;313,60;PLN
936778;188,40;PLN
936829;1 756,77;PLN
936973;756,00;PLN
937037;185,40;PLN
937148;133,90;PLN
937356;1 128,00;PLN
937408;78,70;PLN
937436;250,00;PLN
937521;42,00;PLN
937594;26,80;PLN
937680;136,00;PLN
937705;123,41;PLN
937819;517,00;PLN
937853;36,99;PLN
937892;51,60;PLN
937899;215,80;PLN
937966;74,40;PLN
937996;864,85;PLN
938004;1 236,00;PLN
938224;25,70;PLN
938237;174,68;PLN
938256;120,30;PLN
938263;64,90;PLN
938270;64,90;PLN
938274;442,94;PLN
938281;242,69;PLN
938294;1 236,00;PLN
938303;1 236,00;PLN
938316;168,90;PLN
938347;654,70;PLN
938389;1 349,00;PLN
938480;108,95;PLN
938676;67,25;PLN
938749;88,70;PLN
938759;262,90;PLN
938771;3 980,21;PLN
938806;3 980,21;PLN
938819;3 980,21;PLN
938855;99,70;PLN
938877;79,84;PLN
938927;18,80;PLN
938929;302,90;PLN
939024;348,60;PLN
939046;302,90;PLN
939065;378,73;PLN
939071;298,90;PLN
939102;298,90;PLN
939111;298,90;PLN
939230;302,90;PLN
939352;302,90;PLN
939361;1 735,00;PLN
939368;351,69;PLN
939406;93,89;PLN
939408;302,90;PLN
939413;298,90;PLN
939416;298,90;PLN
939432;57,47;PLN
939445;2 199,00;PLN
939455;522,60;PLN
939509;332,53;PLN
939543;967,00;PLN
939548;18,30;PLN
939575;302,90;PLN
939600;34,90;PLN
939604;298,90;PLN
939615;31,80;PLN
939652;5 346,57;PLN
939764;1 913,70;PLN
939773;48,80;PLN
939774;2 990,00;PLN
939776;48,80;PLN
939781;2 990,00;PLN
939788;293,90;PLN
939816;241,80;PLN
939858;567,00;PLN
939877;1 263,00;PLN
939900;363,90;PLN
939997;22,80;PLN
940019;24,80;PLN
940027;230,44;PLN
940052;65,50;PLN
940073;854,10;PLN
940265;42,20;PLN
940331;273,40;PLN
940369;24,80;PLN
940455;356,88;PLN
940472;38,90;PLN
940564;597,23;PLN
940607;100,49;PLN
940620;0,35;PLN
940623;44,42;PLN
940760;99,80;PLN
940786;422,70;PLN
940797;1 474,79;PLN
940804;191,55;PLN
940814;26,80;PLN
940821;23,80;PLN
940822;23,85;PLN
940831;34,50;PLN
940875;154,70;PLN
940896;341,90;PLN
940910;348,45;PLN
940939;50,90;PLN
941011;1 048,99;PLN
941027;30,80;PLN
941047;150,00;PLN
941067;188,70;PLN
941073;60,70;PLN
941129;69,90;PLN
941141;31,80;PLN
941178;37,80;PLN
941389;620,70;PLN
941472;33,65;PLN
941543;214,88;PLN
941584;16,50;PLN
941603;43,00;PLN
941609;97,80;PLN
941645;33,80;PLN
941696;31,50;PLN
941711;302,10;PLN
941766;220,80;PLN
941789;129,97;PLN
941793;83,57;PLN
941796;78,97;PLN
941801;72,07;PLN
941847;27,60;PLN
941867;46,70;PLN
941909;46,70;PLN
941957;25,90;PLN
941991;252,90;PLN
941995;54,80;PLN
942096;46,90;PLN
942212;103,20;PLN
942249;1 465,00;PLN
942252;1 465,00;PLN
942254;115,30;PLN
942259;19,60;PLN
942290;126,78;PLN
942344;513,90;PLN
942367;46,75;PLN
942450;73,70;PLN
942473;20,20;PLN
942497;5 846,52;PLN
942501;5 846,52;PLN
942535;218,15;PLN
942541;2 990,00;PLN
942626;31,30;PLN
942651;3 980,21;PLN
942689;138,43;PLN
942699;59,70;PLN
942712;40,70;PLN
942724;396,25;PLN
942746;1 999,00;PLN
942805;213,10;PLN
942879;187,60;PLN
942888;93,78;PLN
942942;236,92;PLN
942954;103,05;PLN
942990;346,10;PLN
943063;2 316,00;PLN
943090;502,99;PLN
943099;187,90;PLN
943161;297,18;PLN
943225;582,48;PLN
943262;21,85;PLN
943308;125,50;PLN
943309;41,80;PLN
943314;1 458,79;PLN
943328;599,00;PLN
943332;192,90;PLN
943379;22,80;PLN
943383;23,80;PLN
943387;599,00;PLN
943391;254,70;PLN
943401;505,20;PLN
943417;187,70;PLN
943441;238,90;PLN
943513;24,70;PLN
943521;42,49;PLN
943569;27,80;PLN
943573;78,97;PLN
943688;69,70;PLN
943813;24,80;PLN
943830;191,80;PLN
943861;22,60;PLN
943922;51,70;PLN
944033;146,80;PLN
944059;312,06;PLN
944104;146,80;PLN
944131;27,15;PLN
944162;27,80;PLN
944168;27,80;PLN
944188;1 372,69;PLN
944200;252,90;PLN
944314;142,10;PLN
944375;3 385,60;PLN
944383;173,90;PLN
944447;162,80;PLN
944467;164,30;PLN
944518;139,70;PLN
944536;238,80;PLN
944635;25,99;PLN
944643;43,70;PLN
944725;70,80;PLN
944732;138,90;PLN
944751;110,30;PLN
944752;267,39;PLN
944795;38,80;PLN
944815;300,80;PLN
944820;300,80;PLN
944950;47,00;PLN
944995;34,80;PLN
945001;34,80;PLN
945039;548,26;PLN
945065;28,80;PLN
945158;408,90;PLN
945164;412,90;PLN
945204;766,19;PLN
945238;408,90;PLN
945263;412,90;PLN
945278;412,90;PLN
945281;412,90;PLN
945291;408,90;PLN
945392;412,90;PLN
945451;213,88;PLN
945487;759,00;PLN
945495;20,39;PLN
945612;45,80;PLN
945881;489,90;PLN
945887;20,39;PLN
945910;67,80;PLN
945915;20,39;PLN
945919;67,80;PLN
945936;20,39;PLN
945944;20,39;PLN
946040;224,00;PLN
946062;212,70;PLN
946140;54,99;PLN
946153;95,99;PLN
946162;187,00;PLN
946165;530,96;PLN
946180;222,99;PLN
946188;228,00;PLN
946199;460,50;PLN
946210;56,44;PLN
946227;42,00;PLN
946238;512,00;PLN
946292;501,90;PLN
946294;836,00;PLN
946295;836,00;PLN
946298;31,60;PLN
946303;128,89;PLN
946340;36,70;PLN
946404;347,80;PLN
946485;257,90;PLN
946552;155,40;PLN
946631;93,89;PLN
946639;31,40;PLN
946662;278,90;PLN
946666;278,90;PLN
946725;47,90;PLN
946729;37,80;PLN
946748;49,90;PLN
946749;49,90;PLN
946799;152,00;PLN
946937;190,70;PLN
946993;2 011,80;PLN
947202;108,88;PLN
947207;110,87;PLN
947244;699,00;PLN
947311;734,89;PLN
947327;408,70;PLN
947363;298,25;PLN
947406;35,40;PLN
947416;26,80;PLN
947434;395,60;PLN
947567;413,90;PLN
947616;231,81;PLN
947787;83,60;PLN
947796;606,90;PLN
947812;124,40;PLN
947845;256,18;PLN
947960;59,80;PLN
947983;53,80;PLN
948013;13,80;PLN
948017;120,04;PLN
948036;189,89;PLN
948140;189,90;PLN
948244;168,80;PLN
948281;49,00;PLN
948313;588,09;PLN
948334;22,40;PLN
948403;348,69;PLN
948422;61,70;PLN
948471;31,40;PLN
948484;75,70;PLN
948566;2 214,80;PLN
948577;39,00;PLN
948614;559,00;PLN
948641;1 349,00;PLN
948647;49,90;PLN
948713;130,00;PLN
948775;44,80;PLN
948788;29,70;PLN
948872;98,70;PLN
948880;313,90;PLN
948885;183,80;PLN
948976;926,51;PLN
948996;39,80;PLN
949025;272,90;PLN
949034;155,80;PLN
949227;17,59;PLN
949342;22,40;PLN
949343;22,40;PLN
949344;22,40;PLN
949346;22,40;PLN
949349;22,40;PLN
949402;22,40;PLN
949404;22,40;PLN
949407;22,40;PLN
949493;242,90;PLN
949626;153,00;PLN
949628;123,20;PLN
949629;53,80;PLN
949632;339,00;PLN
949702;22,90;PLN
949760;20,60;PLN
949769;84,90;PLN
949775;63,80;PLN
949777;266,60;PLN
949786;148,90;PLN
949791;253,77;PLN
949816;55,49;PLN
949856;1 349,00;PLN
949869;24,30;PLN
949932;97,70;PLN
949940;90,00;PLN
949955;118,60;PLN
950030;142,80;PLN
950060;111,79;PLN
950072;111,79;PLN
950073;111,79;PLN
950076;111,79;PLN
950114;1 999,00;PLN
950115;78,75;PLN
950156;78,75;PLN
950160;1 999,00;PLN
950176;75,80;PLN
950194;19,40;PLN
950212;124,70;PLN
950232;49,80;PLN
950240;198,90;PLN
950265;618,06;PLN
950297;610,97;PLN
950471;38,80;PLN
950495;113,80;PLN
950606;117,70;PLN
950679;113,80;PLN
950681;2 411,90;PLN
950684;113,80;PLN
950701;35,90;PLN
950736;500,00;PLN
950848;40,70;PLN
950868;98,81;PLN
950957;1 599,00;PLN
950960;154,40;PLN
950976;158,90;PLN
951068;23,91;PLN
951136;101,90;PLN
951381;28,90;PLN
951525;22,90;PLN
951530;43,80;PLN
951591;66,99;PLN
951610;54,10;PLN
951717;110,05;PLN
951811;262,93;PLN
951812;69,80;PLN
951817;69,80;PLN
951841;269,94;PLN
951843;269,94;PLN
951846;269,94;PLN
951906;110,70;PLN
951909;110,70;PLN
951983;173,37;PLN
951984;173,37;PLN
952032;145,89;PLN
952092;244,18;PLN
952186;130,91;PLN
952349;333,27;PLN
952370;696,77;PLN
952440;233,90;PLN
952445;1 349,00;PLN
952461;589,00;PLN
952512;312,90;PLN
952541;369,70;PLN
952554;138,25;PLN
952563;39,80;PLN
952612;6 999,00;PLN
952716;262,30;PLN
952722;313,90;PLN
952767;48,10;PLN
952845;203,80;PLN
952907;150,90;PLN
952945;511,80;PLN
952964;123,80;PLN
952971;1 349,00;PLN
952991;858,69;PLN
953119;240,89;PLN
953132;75,53;PLN
953141;255,45;PLN
953178;626,29;PLN
953183;23,80;PLN
953296;4 199,00;PLN
953332;76,90;PLN
953346;18,40;PLN
953349;13,40;PLN
953366;30,80;PLN
953433;218,40;PLN
953478;194,40;PLN
953490;65,80;PLN
953493;54,90;PLN
953543;15 490,00;PLN
953548;131,80;PLN
953767;655,29;PLN
953820;31,88;PLN
953833;129,08;PLN
953852;36,20;PLN
953867;351,80;PLN
953877;36,20;PLN
953956;1 537,99;PLN
953970;189,10;PLN
954052;93,89;PLN
954174;118,60;PLN
954193;290,70;PLN
954253;508,69;PLN
954360;33,80;PLN
954545;23,30;PLN
954568;113,50;PLN
954573;383,43;PLN
954602;161,59;PLN
954605;161,59;PLN
954620;140,59;PLN
954697;60,80;PLN
954716;533,84;PLN
954738;147,40;PLN
954807;529,28;PLN
954817;458,90;PLN
954939;45,80;PLN
955053;258,67;PLN
955119;33,40;PLN
955158;10,25;PLN
955180;10,25;PLN
955185;10,25;PLN
955191;10,25;PLN
955192;10,25;PLN
955195;10,25;PLN
955208;78,70;PLN
955270;32,90;PLN
955523;32,60;PLN
955527;30,80;PLN
955544;29,40;PLN
955588;138,80;PLN
955601;164,80;PLN
955603;19,80;PLN
955728;128,20;PLN
955944;34,50;PLN
955973;193,90;PLN
956154;795,65;PLN
956181;68,50;PLN
956428;298,90;PLN
956452;398,70;PLN
956482;329,80;PLN
957000;578,00;PLN
927790;10,66;EUR
927935;38,72;EUR
928387;49,85;EUR
928564;105,22;EUR
928568;105,22;EUR
929036;142,20;EUR
929395;11,60;EUR
929399;283,50;EUR
929678;140,00;EUR
929774;10,95;EUR
929794;5,85;EUR
929962;19,85;EUR
929964;19,85;EUR
930626;293,03;EUR
930760;27,45;EUR
930804;26,55;EUR
930845;56,57;EUR
931272;73,45;EUR
931389;9,95;EUR
931392;9,95;EUR
931395;9,95;EUR
931525;6,13;EUR
931565;290,10;EUR
931605;15,23;EUR
931793;6,85;EUR
931799;6,85;EUR
931993;106,90;EUR
932320;5,20;EUR
932387;33,49;EUR
932698;21,85;EUR
933191;1 235,71;EUR
933228;159,00;EUR
933284;318,00;EUR
933334;50,75;EUR
933573;10,50;EUR
933614;87,45;EUR
933616;56,57;EUR
933806;45,97;EUR
933889;31,85;EUR
934183;19,45;EUR
934275;35,35;EUR
934377;283,50;EUR
934408;283,50;EUR
934525;293,03;EUR
934527;32,90;EUR
934623;47,87;EUR
934841;34,45;EUR
934959;15,53;EUR
934979;19,10;EUR
935070;8,95;EUR
935374;6,10;EUR
935987;4,16;EUR
935995;5,20;EUR
936143;1 235,71;EUR
937121;24,99;EUR
937404;8,85;EUR
937893;60,57;EUR
938015;22,95;EUR
938298;51,25;EUR
938328;17,45;EUR
938415;117,61;EUR
938526;120,40;EUR
938818;151,00;EUR
938850;130,97;EUR
938917;8,85;EUR
938939;34,45;EUR
939647;22,59;EUR
940054;13,45;EUR
940204;71,98;EUR
940213;144,90;EUR
940221;34,45;EUR
940299;320,70;EUR
940495;21,85;EUR
940560;38,45;EUR
940650;64,58;EUR
940660;64,58;EUR
940701;31,35;EUR
940778;55,85;EUR
940996;74,60;EUR
941167;38,45;EUR
941274;23,01;EUR
941354;94,92;EUR
941434;35,75;EUR
941560;218,40;EUR
941897;64,58;EUR
941982;50,81;EUR
942317;35,35;EUR
942337;273,58;EUR
942716;388,50;EUR
942759;74,60;EUR
942822;10,00;EUR
942999;56,57;EUR
943188;14,71;EUR
943249;34,80;EUR
943464;43,97;EUR
943466;43,97;EUR
943755;103,30;EUR
943770;100,30;EUR
943852;7,44;EUR
943893;109,40;EUR
944095;43,70;EUR
944402;7,94;EUR
944414;23,06;EUR
945143;27,10;EUR
945347;92,00;EUR
945363;10,45;EUR
945370;92,00;EUR
945413;92,00;EUR
945596;56,57;EUR
945599;56,57;EUR
945947;12,85;EUR
945959;14,75;EUR
946206;19,45;EUR
946364;61,35;EUR
946515;21,95;EUR
946553;34,45;EUR
946789;175,97;EUR
946849;89,40;EUR
947002;249,51;EUR
947238;188,66;EUR
947324;32,13;EUR
947326;22,73;EUR
947790;129,53;EUR
947877;15,85;EUR
947941;21,03;EUR
948069;32,85;EUR
948117;79,90;EUR
948145;79,13;EUR
948216;20,11;EUR
948517;40,25;EUR
948833;11,30;EUR
948998;283,50;EUR
949023;141,11;EUR
949124;37,60;EUR
949849;59,92;EUR
950009;122,30;EUR
950113;106,62;EUR
950341;11,85;EUR
950636;6 357,00;EUR
950642;6 357,00;EUR
950814;29,35;EUR
951864;145,96;EUR
951911;6,85;EUR
952187;125,74;EUR
952198;76,18;EUR
952576;9,45;EUR
952579;9,45;EUR
952580;9,45;EUR
952582;9,45;EUR
952802;32,35;EUR
952862;6,00;EUR
952892;110,70;EUR
953112;18,40;EUR
953116;5,15;EUR
953528;283,50;EUR
954234;68,97;EUR
954383;21,75;EUR
954493;11,45;EUR
954500;81,42;EUR
954603;7,85;EUR
955186;136,90;EUR
955306;15,50;EUR
955409;9,10;EUR
956089;10,45;EUR
956913;931,50;EUR
957483;9,75;EUR
927756;264,00;CZK
928139;2 875,00;CZK
928179;499,00;CZK
928414;235,00;CZK
928530;720,00;CZK
928555;330,00;CZK
928606;1 048,00;CZK
929083;1 166,00;CZK
929246;949,00;CZK
929300;161,00;CZK
929512;789,00;CZK
929531;530,00;CZK
929670;1 367,00;CZK
929803;182,00;CZK
929945;2 268,00;CZK
930135;142,00;CZK
930138;91,00;CZK
930184;404,00;CZK
930359;1 048,00;CZK
930362;570,00;CZK
930417;250,00;CZK
930518;198,00;CZK
930751;1 048,00;CZK
930753;1 098,00;CZK
931904;509,00;CZK
932003;343,00;CZK
932013;343,00;CZK
932907;1 953,00;CZK
933135;266,00;CZK
933141;954,00;CZK
933175;13 831,00;CZK
933190;126,00;CZK
933323;586,00;CZK
933899;501,00;CZK
933950;424,00;CZK
934369;2 124,00;CZK
934382;357,00;CZK
934495;1 752,00;CZK
934988;248,00;CZK
934996;258,00;CZK
934998;298,00;CZK
935021;769,00;CZK
935099;960,00;CZK
935114;960,00;CZK
935533;286,00;CZK
935984;91,00;CZK
935992;101,00;CZK
936238;327,00;CZK
936251;872,00;CZK
936311;483,00;CZK
936660;1 119,00;CZK
937429;18 634,00;CZK
937524;379,00;CZK
937534;104,00;CZK
937621;225,00;CZK
937658;246,00;CZK
937766;676,00;CZK
937950;260,00;CZK
938038;872,00;CZK
938279;915,00;CZK
938748;317,00;CZK
938799;208,00;CZK
939380;149,00;CZK
939383;255,00;CZK
939827;139,00;CZK
939996;378,00;CZK
940153;149,00;CZK
940994;1 331,00;CZK
941458;5 077,92;CZK
941567;125,00;CZK
941585;216,00;CZK
941681;286,00;CZK
941899;513,00;CZK
942327;1 068,00;CZK
942430;171,00;CZK
942492;3 718,00;CZK
942767;120,00;CZK
942997;2 028,00;CZK
943012;407,00;CZK
943239;120,00;CZK
943299;468,00;CZK
943340;545,00;CZK
943457;130,00;CZK
943560;570,00;CZK
944515;1 020,00;CZK
944578;1 156,00;CZK
944805;134,00;CZK
944919;177,00;CZK
945121;132,00;CZK
945219;327,00;CZK
945455;224,00;CZK
945533;118,00;CZK
945622;182,00;CZK
945858;487,00;CZK
945927;343,00;CZK
946036;181,00;CZK
946160;305,00;CZK
946190;5 635,00;CZK
946216;172,00;CZK
946236;1 752,00;CZK
946458;675,00;CZK
946650;316,00;CZK
946825;267,00;CZK
946969;530,00;CZK
947122;553,00;CZK
947440;340,00;CZK
947516;315,00;CZK
947528;709,00;CZK
947655;519,00;CZK
948105;8 538,00;CZK
948136;437,00;CZK
948151;302,00;CZK
948161;8 538,00;CZK
948305;301,00;CZK
948665;419,00;CZK
948847;565,00;CZK
948939;569,00;CZK
948955;181,00;CZK
949525;1 813,00;CZK
949560;95,00;CZK
949569;690,00;CZK
949770;759,00;CZK
949782;110,00;CZK
950029;850,00;CZK
950098;136,00;CZK
950120;452,00;CZK
950155;109,00;CZK
950249;636,00;CZK
950299;2 300,00;CZK
950665;146,00;CZK
951588;498,00;CZK
951833;913,00;CZK
952783;345,00;CZK
953160;946,00;CZK
953294;493,00;CZK
953401;2 002,00;CZK
953435;780,00;CZK
953760;367,00;CZK
954217;99,00;CZK
955288;1 016,00;CZK
953840;128,90;PLN
956225;26,80;PLN
956507;27,85;PLN
956596;10,90;PLN
957143;32,60;PLN
957347;32,80;PLN
957360;25,80;PLN
957380;67,00;PLN
957416;128,21;PLN
957466;162,20;PLN
957510;22,80;PLN
957783;40,90;PLN
957786;183,98;PLN
957787;183,98;PLN
957836;127,10;PLN
957858;159,25;PLN
958062;91,80;PLN
955143;13,45;EUR
957172;65,85;EUR
958146;272,90;PLN
956540;295,00;CZK
956740;26 622,00;CZK
951081;19,25;PLN
953616;131,30;PLN
953952;128,90;PLN
954349;412,90;PLN
954352;404,60;PLN
954615;279,60;PLN
954652;103,80;PLN
954765;4 795,00;PLN
954883;717,00;PLN
955094;112,40;PLN
955184;133,90;PLN
955187;1 143,89;PLN
955552;157,70;PLN
955937;69,00;PLN
956160;68,00;PLN
956239;160,30;PLN
956442;1 599,00;PLN
956588;118,70;PLN
956673;302,90;PLN
956735;154,70;PLN
956783;189,90;PLN
957149;63,80;PLN
957164;46,50;PLN
957301;113,80;PLN
957604;90,95;PLN
957611;217,85;PLN
957613;217,85;PLN
958092;39,80;PLN
958217;147,58;PLN
954354;32,35;EUR
957623;23,40;EUR
956843;974,00;CZK
956895;663,00;CZK
957061;1 233,00;CZK
958360;177,00;CZK
958366;187,00;CZK
957841;73,00;PLN
958196;180,70;PLN
958241;94,40;PLN
958868;396,59;PLN
954707;143,39;PLN
955039;192,57;PLN
958874;1 999,00;PLN
958403;215,00;CZK
958126;32,60;PLN
958263;168,98;PLN
958436;33,80;PLN
958444;1 149,00;PLN
958454;26,85;PLN
958521;38,80;PLN
958850;195,95;PLN
958199;6,00;EUR
958917;171,22;EUR
958922;37,65;EUR
959039;467,20;EUR
956662;11 422,80;PLN
957473;2 520,00;CZK
958597;238,00;CZK
958605;238,00;CZK
958613;180,00;CZK
958747;197,00;CZK
949488;67,60;PLN
956067;216,70;PLN
956176;298,79;PLN
956238;51,78;PLN
956449;342,70;PLN
956890;336,30;PLN
957052;593,10;PLN
957080;89,89;PLN
957102;204,80;PLN
957107;49,80;PLN
957423;243,90;PLN
957533;258,90;PLN
957683;498,90;PLN
957750;1 560,89;PLN
957763;1 507,00;PLN
957815;167,10;PLN
957893;146,60;PLN
957990;164,99;PLN
958348;59,70;PLN
958373;3 219,00;PLN
958635;45,70;PLN
958644;65,60;PLN
958699;79,50;PLN
958827;690,90;PLN
959112;43,60;PLN
959134;4 795,00;PLN
959181;127,30;PLN
959316;1 139,34;PLN
959323;1 139,34;PLN
959330;1 139,34;PLN
959334;1 139,34;PLN
959372;77,60;PLN
959379;77,60;PLN
959383;77,60;PLN
932321;56,97;EUR
956251;68,97;EUR
956665;27,45;EUR
956813;65,66;EUR
959137;4 795,00;PLN
959727;209,70;PLN
954412;76,95;EUR
959170;180,00;CZK
940893;541,44;PLN
959907;154,80;PLN
959931;4 199,00;PLN
959966;32,80;PLN
959976;32,80;PLN
960025;96,90;PLN
960082;22,70;PLN
960108;102,60;PLN
959074;12,00;EUR
959628;6,85;EUR
959337;1 414,00;CZK
957959;2 649,00;PLN
961287;59,00;PLN
961334;59,00;PLN
961376;100,70;PLN
961934;16,99;PLN
958229;21,45;EUR
957906;305,00;CZK
958000;1 624,00;CZK
958011;1 624,00;CZK
958395;964,00;CZK
959068;940,00;CZK
959520;487,00;CZK
959734;1 026,00;CZK
959818;139,00;CZK
959870;11 127,00;CZK
959873;1 075,00;CZK
959924;489,00;CZK
960027;2 035,00;CZK
960089;1 379,00;CZK
960129;3 609,00;CZK
960272;182,00;CZK
960353;171,00;CZK
960598;1 772,00;CZK
953936;4 795,00;PLN
955008;265,10;PLN
955644;109,00;PLN
957393;365,90;PLN
958262;599,00;PLN
959442;1 166,80;PLN
959594;213,90;PLN
959733;415,10;PLN
959904;166,10;PLN
959968;32,80;PLN
960208;59,40;PLN
960694;40,60;PLN
960795;196,80;PLN
960843;219,80;PLN
961031;85,70;PLN
961086;263,90;PLN
961205;651,00;PLN
961387;917,64;PLN
961594;212,00;PLN
961648;209,30;PLN
961667;92,50;PLN
961791;113,79;PLN
961826;21,80;PLN
961840;93,89;PLN
962016;111,58;PLN
962067;134,90;PLN
955086;21,85;EUR
956497;163,65;EUR
958355;106,30;EUR
960396;68,97;EUR
960729;34,45;EUR
960864;6,45;EUR
962053;52,06;EUR
961222;580,00;CZK
961675;131,00;CZK
961745;462,00;CZK
961750;472,00;CZK
962476;32,99;PLN
962569;225,58;PLN
947752;599,00;PLN
961433;16,50;PLN
961627;39,80;PLN
962045;111,58;PLN
962245;420,80;PLN
962261;708,50;PLN
962274;29,70;PLN
962294;2 890,00;PLN
962302;430,40;PLN
962190;9,85;EUR
962557;261,79;EUR
957774;275,00;CZK
935355;612,00;PLN
962367;531,45;PLN
962892;180,00;CZK
962407;144,00;CZK
962464;229,00;CZK
962989;251,00;CZK
962977;69,90;PLN
962983;121,80;PLN
963150;378,85;PLN
963217;711,75;PLN
963228;62,85;EUR
963237;14,95;EUR
963177;103,90;PLN
962878;192,00;CZK
963061;540,00;PLN
963375;21,60;PLN
963397;878,00;PLN
963409;878,00;PLN
963498;66,79;EUR
958445;1 149,00;PLN
958701;1 854,30;PLN
959002;975,00;PLN
959377;243,80;PLN
959432;101,90;PLN
959597;460,40;PLN
959627;262,90;PLN
959675;1 290,00;PLN
959942;210,80;PLN
961953;155,00;PLN
962860;42,25;PLN
958572;283,50;EUR
958783;22,90;EUR
961187;6 856,00;CZK
959742;64,60;PLN
962419;999,00;PLN
962879;106,70;PLN
962931;165,69;PLN
963992;313,90;PLN
963395;208,70;PLN
963757;119,00;PLN
963768;27,60;PLN
963771;23,60;PLN
963872;218,79;PLN
963967;440,91;PLN
964041;458,80;PLN
961779;315,00;CZK
964149;233,00;CZK
962740;18,99;PLN
962753;18,99;PLN
962863;82,00;PLN
964018;18,99;PLN
964108;18,99;PLN
964132;1 547,98;PLN
955074;3 901,72;EUR
962583;1 854,00;CZK
964334;255,00;CZK
962894;1 040,00;CZK
963100;2 247,00;CZK
963263;359,00;CZK
964408;164,00;CZK
964473;123,00;CZK
964166;20,99;PLN
964313;1 204,59;PLN
964684;96,80;PLN
964841;217,63;PLN
959848;11,30;EUR
964441;1 179,00;CZK
964727;162,00;CZK
964207;544,00;PLN
965032;136,90;PLN
952680;33,80;PLN
952782;52,90;PLN
952852;30,16;PLN
952884;168,90;PLN
953270;164,99;PLN
953375;30,80;PLN
953527;28,40;PLN
953609;122,90;PLN
953613;131,30;PLN
953813;152,90;PLN
954637;26,80;PLN
954779;251,90;PLN
955056;729,00;PLN
955411;69,30;PLN
955836;115,60;PLN
957115;164,80;PLN
957142;293,40;PLN
957144;27,60;PLN
957178;463,20;PLN
949952;207,00;CZK
949954;353,00;CZK
950216;551,00;CZK
950775;1 109,00;CZK
951052;2 169,00;CZK
951370;489,00;CZK
951565;348,00;CZK
951708;264,00;CZK
951730;618,00;CZK
953168;200,00;CZK
954020;157,00;CZK
954663;217,00;CZK
954766;6 061,00;CZK
954884;344,00;CZK
954967;1 707,00;CZK
955780;187,00;CZK
955926;813,00;CZK
956134;607,00;CZK
956159;177,00;CZK
956891;663,00;CZK
957371;900,00;CZK
957932;2 207,00;CZK
957994;321,00;CZK
958132;1 061,00;CZK
958465;582,00;CZK
963888;3 466,00;CZK
964995;224,00;CZK
953839;128,90;PLN
957929;93,80;PLN
958224;35,70;PLN
958343;141,70;PLN
958352;78,90;PLN
958625;148,70;PLN
959175;589,00;PLN
959229;41,80;PLN
959672;23,40;PLN
959722;33,50;PLN
959789;302,68;PLN
960219;383,30;PLN
961207;29,80;PLN
961756;2 253,99;PLN
962020;17,70;PLN
962076;181,81;PLN
962141;141,90;PLN
962228;28,90;PLN
962273;563,50;PLN
963361;872,75;PLN
965114;891,79;PLN
952209;11,95;EUR
954434;50,95;EUR
954699;9,85;EUR
955490;9,43;EUR
957850;42,95;EUR
959476;293,90;EUR
960466;68,97;EUR
952044;260,00;CZK
958905;912,00;CZK
959261;114,00;CZK
959805;239,00;CZK
959917;239,00;CZK
960009;427,90;PLN
960100;749,00;PLN
960611;104,70;PLN
960830;249,90;PLN
961009;309,30;PLN
961107;196,80;PLN
961294;198,70;PLN
961534;1 242,19;PLN
961631;58,30;PLN
961677;52,80;PLN
962339;999,00;PLN
962488;548,75;PLN
962884;235,89;PLN
962886;63,80;PLN
963036;284,90;PLN
963069;39,80;PLN
963184;1 725,94;PLN
963219;711,75;PLN
963289;507,70;PLN
963369;63,80;PLN
963389;90,49;PLN
963504;44,70;PLN
963507;192,90;PLN
963667;102,90;PLN
963707;132,90;PLN
963988;195,85;PLN
964406;3 522,75;PLN
964498;52,30;PLN
964525;239,40;PLN
964528;153,70;PLN
964536;19,80;PLN
964542;124,60;PLN
964579;68,00;PLN
964738;36,96;PLN
964802;277,81;PLN
964901;37,00;PLN
964959;129,65;PLN
964976;589,00;PLN
964987;51,70;PLN
965278;1 481,89;PLN
965433;68,70;PLN
965434;68,70;PLN
965493;30,90;PLN
965607;173,90;PLN
965610;173,90;PLN
949753;87,97;EUR
952833;3,48;EUR
952932;29,00;EUR
952934;6,60;EUR
960391;28,43;EUR
960565;60,57;EUR
961417;48,63;EUR
961649;261,79;EUR
961656;6,60;EUR
962490;261,79;EUR
962559;261,79;EUR
963304;525,24;EUR
963305;356,04;EUR
963453;179,00;EUR
963493;441,00;EUR
963647;220,49;EUR
964075;277,06;EUR
964142;69,85;EUR
965523;996,21;EUR
952794;243,00;CZK
965522;135,00;CZK
933572;15 490,00;PLN
947100;32,75;PLN
956628;108,70;PLN
966506;316,46;PLN
964363;3 855,00;CZK
965054;987,00;PLN
965152;193,60;PLN
965223;166,28;PLN
965284;17,40;PLN
965333;2 377,00;PLN
966187;576,40;PLN
966552;619,00;PLN
959837;15,25;EUR
961553;186,00;CZK
964422;2 214,00;CZK
967107;281,90;PLN
958071;615,00;EUR
966371;955,00;CZK
966916;353,00;CZK
967393;505,60;PLN
936891;20,39;PLN
945954;20,39;PLN
961759;2 253,99;PLN
962542;14 405,70;PLN
962926;5 285,20;PLN
963737;322,50;PLN
963887;1 249,00;PLN
964153;354,80;PLN
964200;579,00;PLN
964243;1 078,90;PLN
964807;599,00;PLN
964820;1 011,75;PLN
965119;711,75;PLN
965229;9,99;PLN
965243;9,99;PLN
965513;139,80;PLN
965823;1 249,00;PLN
965899;6 999,00;PLN
966236;36,80;PLN
966445;2 741,30;PLN
966574;9 684,15;PLN
966575;5 680,00;PLN
966588;625,90;PLN
966620;48,70;PLN
966794;2 990,00;PLN
966840;36,80;PLN
967119;162,90;PLN
963857;174,50;EUR
964312;261,79;EUR
964708;261,79;EUR
965824;77,76;EUR
965953;60,07;EUR
961306;73,00;CZK
964994;6 458,00;CZK
966767;167,00;CZK
966637;36,39;PLN
966642;38,39;PLN
966643;34,79;PLN
966692;41,80;PLN
966703;63,80;PLN
967259;10,25;PLN
967265;10,25;PLN
967480;413,90;PLN
967222;32,73;EUR
967391;927,00;CZK
967818;291,00;PLN
965910;212,90;PLN
967841;267,80;PLN
967882;47,90;PLN
967459;5,13;EUR
967728;523,00;CZK
965413;715,00;CZK
962754;20,99;PLN
964376;755,78;PLN
964832;14 405,70;PLN
966102;112,79;PLN
966311;87,80;PLN
967093;30,30;PLN
965293;302,31;EUR
965940;1 497,00;CZK
966911;1 000,00;CZK
966981;417,00;CZK
965969;39,80;PLN
968064;40,50;EUR
968762;18,85;EUR
969067;76,80;PLN
967114;4 845,00;CZK
968824;300,75;PLN
968868;178,60;PLN
968972;212,90;PLN
969097;949,00;PLN
967375;3 855,00;CZK
967629;1 695,00;CZK
967677;430,00;CZK
869930;1 449,60;PLN
966655;1 137,00;PLN
966656;678,00;PLN
966741;1 249,00;PLN
966770;358,12;PLN
966901;114,80;PLN
967040;483,90;PLN
967216;338,05;PLN
967434;75,25;PLN
967556;221,50;PLN
967729;213,90;PLN
967865;511,30;PLN
967869;88,80;PLN
968049;37,80;PLN
968143;217,79;PLN
968347;33,80;PLN
968693;81,80;PLN
968814;178,89;PLN
969133;97,46;PLN
969176;0,35;PLN
969341;63,30;PLN
969345;300,30;PLN
967411;90,13;EUR
967704;1 541,26;EUR
968267;11,03;EUR
969271;3 671,00;CZK
969563;149,10;PLN
968215;17,60;EUR
969681;2 541,00;CZK
963186;15,99;PLN
968255;521,95;PLN
969168;52,80;PLN
969330;53,80;PLN
969140;13,45;EUR
970299;756,55;PLN
969539;159,00;CZK
970076;47,00;PLN
970152;0,35;PLN
970359;1 698,00;PLN
969426;11,23;EUR
967461;272,00;PLN
968907;656,80;PLN
970377;36,90;PLN
970386;10,99;PLN
970444;21,90;PLN
970502;133,90;PLN
970517;23,80;PLN
970601;124,90;PLN
970678;57,35;PLN
970759;207,00;PLN
970091;176,00;CZK
970795;293,70;PLN
970942;112,93;PLN
963012;1 690,00;PLN
963492;1 346,40;PLN
963987;16,80;PLN
964043;238,70;PLN
964347;233,50;PLN
964755;231,90;PLN
964892;21,60;PLN
965357;18,80;PLN
965616;248,29;PLN
965957;268,67;PLN
966156;128,90;PLN
966531;67,80;PLN
966872;77,20;PLN
960984;261,79;EUR
962188;261,79;EUR
962717;609,00;EUR
964566;261,79;EUR
962105;726,00;CZK
962359;2 052,00;CZK
962627;209,00;CZK
963080;1 021,00;CZK
963293;95,00;CZK
963623;1 065,00;CZK
963731;561,00;CZK
964423;337,00;CZK
964515;250,00;CZK
968532;6 519,00;CZK
966469;313,50;PLN
967247;10,25;PLN
968185;417,70;PLN
968224;152,90;PLN
968321;74,30;PLN
968516;1 249,00;PLN
968594;125,70;PLN
968666;86,89;PLN
969377;130,30;PLN
969454;1 249,00;PLN
969456;1 249,00;PLN
969457;442,10;PLN
969548;29,80;PLN
971197;166,40;PLN
968093;103,40;EUR
968142;101,22;EUR
968375;21,88;EUR
968467;17,95;EUR
969068;87,97;EUR
959965;1 129,00;CZK
968965;492,00;CZK
971503;34,99;PLN
970999;66,77;EUR
969354;550,00;CZK
968672;152,90;PLN
969848;87,58;PLN
969890;53,20;PLN
969996;105,40;PLN
970090;48,80;PLN
970154;10,25;PLN
970401;184,50;PLN
970655;298,86;PLN
970660;12,80;PLN
971072;43,80;PLN
971578;84,80;PLN
971678;267,50;PLN
969694;102,90;EUR
969964;118,00;EUR
969594;508,00;CZK
970060;671,00;CZK
971527;249,00;CZK
971760;251,00;CZK
971830;250,00;CZK
970595;285,00;CZK
971973;201,00;CZK
970806;140,90;PLN
971730;47,60;PLN
971866;157,09;PLN
971867;140,09;PLN
971907;64,80;PLN
971915;629,15;PLN
971986;20,60;PLN
972077;407,50;PLN
972153;79,50;PLN
972238;433,75;PLN
972240;34,00;PLN
972288;1 999,00;PLN
971521;42,95;EUR
971883;13,02;EUR
972379;194,50;PLN
972559;530,27;PLN
970756;648,00;CZK
918248;417,51;PLN
971872;81,90;PLN
972132;15,99;PLN
972385;42,75;EUR
972655;67,65;EUR
971213;4 867,00;CZK
969732;886,80;PLN
969763;486,90;PLN
969925;2 279,05;PLN
970052;117,11;PLN
970231;400,00;PLN
970280;124,90;PLN
970324;1 448,99;PLN
970353;101,40;PLN
970485;1 068,00;PLN
970690;89,89;PLN
970720;112,79;PLN
970735;502,48;PLN
972910;178,50;PLN
973065;21,80;PLN
973272;38,17;PLN
965912;61,95;EUR
970316;998,90;EUR
973059;17,95;EUR
972070;1 000,00;CZK
973222;107,85;PLN
971447;6 591,00;CZK
970926;133,80;PLN
970955;112,93;PLN
971581;84,80;PLN
971833;53,80;PLN
972140;44,80;PLN
972491;208,15;PLN
972499;204,15;PLN
972720;142,28;PLN
973322;146,70;PLN
973366;113,89;PLN
973367;113,89;PLN
970966;75,17;EUR
971551;34,15;EUR
972009;103,80;EUR
972101;15,95;EUR
971583;17 837,00;CZK
971628;786,00;CZK
972911;6 664,00;CZK
973105;89,00;CZK
973186;176,00;CZK
973456;978,70;PLN
973564;88,50;PLN
973705;187,00;PLN
973970;2 280,00;PLN
972071;1 000,00;CZK
973820;265,00;CZK
965587;1 299,00;PLN
965976;2 113,90;PLN
966757;999,00;PLN
967531;195,39;PLN
968046;339,80;PLN
968209;36,80;PLN
968330;324,30;PLN
968522;23,50;PLN
968901;118,90;PLN
969058;53,80;PLN
969251;422,90;PLN
969452;82,60;PLN
970026;39,50;PLN
970092;48,80;PLN
964567;27,75;EUR
964575;1 085,40;EUR
965988;20,85;EUR
968265;8,95;EUR
968565;7,85;EUR
969115;14,45;EUR
964860;255,00;CZK
965085;167,00;CZK
966623;766,00;CZK
966855;276,00;CZK
967460;414,00;CZK
871217;14 950,00;PLN
933424;2 990,00;PLN
970837;328,69;PLN
972561;109,50;PLN
972938;39,80;PLN
973224;107,85;PLN
973356;49,60;PLN
973593;18,40;PLN
973611;34,80;PLN
973736;53,80;PLN
973773;500,38;PLN
973778;23,80;PLN
974052;493,90;PLN
972961;9,45;EUR
973677;29,85;EUR
973681;29,85;EUR
973690;52,07;EUR
973898;223,00;PLN
973641;191,00;CZK
974452;46,70;PLN
974487;859,00;PLN
974501;25,20;PLN
973028;261,79;EUR
974368;21,85;EUR
974257;4 980,00;PLN
974186;157,00;CZK
972212;64,80;PLN
973115;1 302,80;PLN
973173;33,80;PLN
973576;108,65;PLN
974152;36,80;PLN
974238;6 687,00;PLN
974274;107,70;PLN
974337;252,90;PLN
974395;22,80;PLN
974403;252,90;PLN
974626;138,89;PLN
967723;85,34;EUR
974447;19,25;EUR
970124;423,00;CZK
970598;2 024,00;CZK
973337;3 432,00;CZK
974399;139,00;CZK
974345;134,00;CZK
974509;239,00;CZK
974644;157,00;CZK
975188;276,00;CZK
975235;379,79;PLN
975338;193,00;PLN
975431;315,69;PLN
975518;99,89;PLN
972705;265,00;CZK
972799;3 384,00;CZK
974933;105,00;CZK
967802;202,60;EUR
975552;21,55;EUR
975558;40,75;EUR
972806;3 384,00;CZK
973126;761,00;CZK
975353;181,00;CZK
970970;1 079,10;PLN
971250;323,80;PLN
971409;164,60;PLN
971659;213,70;PLN
971682;119,89;PLN
971806;43,99;PLN
971891;108,90;PLN
971976;1 278,00;PLN
971984;151,89;PLN
972014;1 880,60;PLN
972025;169,65;PLN
972234;98,80;PLN
972301;2 199,00;PLN
972470;219,30;PLN
972521;200,70;PLN
972528;193,80;PLN
972580;504,44;PLN
972666;148,79;PLN
972669;82,80;PLN
972722;142,28;PLN
972750;283,80;PLN
972937;113,90;PLN
974207;113,50;PLN
974672;100,00;PLN
974737;174,79;PLN
974851;29,60;PLN
975574;207,40;PLN
975580;192,90;PLN
975628;135,20;PLN
972398;261,79;EUR
973085;261,79;EUR
973098;17,95;EUR
973399;379,00;CZK
973413;709,00;CZK
973543;325,00;CZK
974128;1 798,00;CZK
974378;297,00;CZK
976139;203,00;CZK
976539;336,50;PLN
974809;1 072,00;CZK
974907;1 181,00;CZK
976175;249,00;CZK
971558;487,40;PLN
971587;1 691,50;PLN
973156;102,20;PLN
973338;1 249,00;PLN
973503;171,60;PLN
973670;134,89;PLN
973747;183,70;PLN
974235;81,16;PLN
974248;248,90;PLN
974422;73,70;PLN
974464;133,80;PLN
974709;270,80;PLN
974712;364,70;PLN
974758;292,90;PLN
975154;84,60;PLN
975265;5 368,99;PLN
975568;192,90;PLN
975679;1 390,00;PLN
975811;73,80;PLN
973271;261,79;EUR
973740;125,80;EUR
973741;68,97;EUR
974017;175,00;EUR
974305;66,13;EUR
975273;265,40;EUR
975277;265,40;EUR
975329;35,97;EUR
975659;45,32;EUR
976774;635,21;EUR
976777;635,21;EUR
975001;3 385,00;CZK
975190;342,00;CZK
975226;964,00;CZK
976293;135,00;CZK
975879;194,90;PLN
975891;39,80;PLN
975906;19,80;PLN
975932;25,75;PLN
975951;391,90;PLN
975959;79,78;PLN
976144;313,90;PLN
976145;313,90;PLN
976162;313,90;PLN
976187;1 881,00;PLN
976479;209,50;PLN
975419;19,95;EUR
976649;31,45;EUR
972650;409,00;CZK
974423;1 336,00;CZK
975271;565,00;CZK
976520;140,60;PLN
977402;649,00;PLN
975453;20,88;EUR
975503;874,00;CZK
976833;250,00;CZK
951553;250,80;PLN
970338;18,70;PLN
970392;98,90;PLN
970881;13 929,58;PLN
970977;391,90;PLN
971109;92,30;PLN
974969;4 599,00;PLN
975349;135,60;PLN
977390;98,99;PLN
977452;91,30;PLN
977472;330,40;PLN
969688;99,77;EUR
969889;86,85;EUR
970105;34,45;EUR
975295;331,18;EUR
975738;261,79;EUR
977068;34,45;EUR
977336;421,40;EUR
977462;12,45;EUR
977738;464,10;PLN
977824;318,90;PLN
977920;29,61;PLN
978108;391,70;PLN
970488;16,30;PLN
970654;1 081,19;PLN
970979;33,80;PLN
971329;64,30;PLN
971411;93,89;PLN
971816;25,46;PLN
972172;73,80;PLN
972296;122,90;PLN
973435;275,60;PLN
974160;65,80;PLN
978328;187,44;PLN
971221;22,95;EUR
971087;251,00;CZK
971188;1 260,00;CZK
971499;210,00;CZK
975953;493,00;CZK
957106;2 207,00;PLN
965902;244,30;PLN
971048;706,00;PLN
976212;102,90;PLN
977767;25,85;PLN
978027;11 631,73;PLN
978138;11 631,73;PLN
978155;11 631,73;PLN
978304;133,76;PLN
961556;145,45;EUR
977919;19,45;EUR
978256;1 385,10;PLN
975946;564,00;PLN
976075;110,55;PLN
976352;43,80;PLN
976386;1 349,00;PLN
976409;611,00;PLN
976482;148,94;PLN
976499;149,40;PLN
976519;272,90;PLN
976618;97,80;PLN
976620;1 249,00;PLN
976900;413,86;PLN
977088;160,20;PLN
977097;2 897,10;PLN
977112;69,10;PLN
977157;122,90;PLN
977217;94,89;PLN
977295;3 783,00;PLN
977397;18,90;PLN
977399;3 100,89;PLN
977451;1 238,00;PLN
977629;27,40;PLN
977848;348,86;PLN
978136;19,90;PLN
978145;69,80;PLN
978392;65,51;PLN
972062;261,79;EUR
976129;1 541,26;EUR
976185;30,95;EUR
976927;9,45;EUR
976942;9,45;EUR
976949;9,45;EUR
976998;92,31;EUR
977172;13,45;EUR
972665;373,00;CZK
978909;15 190,00;CZK
979005;511,00;CZK
973517;24 326,12;PLN
977395;31,80;PLN
978638;318,90;PLN
978646;318,90;PLN
978776;160,59;PLN
978780;172,64;PLN
979084;67,20;PLN
976401;555,00;CZK
978569;124,00;EUR
979261;249,00;CZK
979274;565,00;CZK
979517;228,39;PLN
976787;1 025,00;CZK
978150;360,80;PLN
979461;119,49;PLN
979310;27,85;EUR
976869;1 068,00;CZK
976939;1 068,00;CZK
976952;823,00;CZK
976958;1 068,00;CZK
977363;296,00;CZK
979130;207,00;CZK
966676;625,69;PLN
977479;111,20;PLN
977506;275,25;PLN
977842;198,43;PLN
977854;1 219,00;PLN
977939;35,80;PLN
977940;35,80;PLN
978052;227,85;PLN
978055;84,80;PLN
978077;69,60;PLN
978232;79,70;PLN
978361;385,05;PLN
978433;291,70;PLN
978640;79,89;PLN
978657;34,80;PLN
978753;39,80;PLN
978943;312,90;PLN
978963;537,20;PLN
978990;376,55;PLN
978997;48,50;PLN
977356;923,50;EUR
977814;35,86;EUR
977865;8,45;EUR
977950;26,95;EUR
978527;89,35;EUR
979083;6,10;EUR
979538;104,80;EUR
977460;367,00;CZK
977465;540,00;CZK
979451;196,00;CZK
977648;1 763,00;CZK
977650;1 763,00;CZK
979819;159,00;CZK
978099;300,00;CZK
979993;136,00;CZK
